P0(0, 5, 11)
P1(2, 8, 9)
P2(4, 11, 7)
P3(6, 14, 5)
P4(8, 17, 3)
P5(10, 20, 1)
P6(12, 23, -1)
P7(14, 26, -3)
P8(16, 29, -5)
P9(18, 32, -7)
P10(20, 35, -9)
P11(22, 38, -11)
P12(24, 41, -13)
P13(26, 44, -15)
P14(28, 47, -17)
P15(30, 50, -19)
P16(32, 53, -21)
P17(34, 56, -23)
P18(36, 59, -25)
P19(38, 62, -27)
P20(40, 65, -29)
P21(42, 68, -31)
P22(44, 71, -33)
P23(46, 74, -35)
P24(48, 77, -37)
P25(50, 80, -39)
P26(52, 83, -41)
P27(54, 86, -43)
P28(56, 89, -45)
P29(58, 92, -47)
P30(60, 95, -49)
P31(62, 98, -51)
P32(64, 101, -53)
P33(66, 104, -55)
P34(68, 107, -57)
P35(70, 110, -59)
P36(72, 113, -61)
P37(74, 116, -63)
P38(76, 119, -65)
P39(78, 122, -67)
P40(80, 125, -69)
P41(82, 128, -71)
P42(84, 131, -73)
P43(86, 134, -75)
P44(88, 137, -77)
P45(90, 140, -79)
P46(92, 143, -81)
P47(94, 146, -83)
P48(96, 149, -85)
P49(98, 152, -87)
P50(100, 155, -89)
